000001F1514CEB98_278.dump
terrain
FALSE
TRUE
960.000000 480.000000 0.000000
NoAnim
6.000000 0.000000 0.000000
0.000000 6.000000 0.000000
12.000000 0.000000 0.000000
0.000000 12.000000 0.000000
12.000000 0.000000 0.000000
0.000000 12.000000 0.000000
6.000000 0.000000 0.000000
0.000000 6.000000 0.000000
6.000000 0.000000 0.000000
0.000000 6.000000 0.000000
1.000000 0.000000 0.000000
0.000000 1.000000 0.000000
277_000001F14BF541A0_t.dump
277_000001F14BF53160_t.dump
277_000001F14BF52660_t.dump
277_000001F14BF53DE0_t.dump
277_000001F14BF551E0_t.dump
275_000001F14BF601A0_t.dump
