000001F1514CEB98_275.dump
terrain
FALSE
TRUE
960.000000 480.000000 0.000000
NoAnim
1.000000
10.000000 0.000000 0.000000
0.000000 10.000000 0.000000
5.000000 0.000000 0.000000
0.000000 5.000000 0.000000
5.000000 0.000000 0.000000
0.000000 5.000000 0.000000
10.000000 0.000000 0.000000
0.000000 10.000000 0.000000
10.000000 0.000000 0.000000
0.000000 10.000000 0.000000
1.000000 0.000000 0.000000
0.000000 1.000000 0.000000
262_000001F1299A5CE0_t.dump
265_000001F12999A420_t.dump
263_000001F12999B620_t.dump
265_000001F129999020_t.dump
262_000001F129997320_t.dump
275_000001F14BF601A0_t.dump
