MyObject_16
2580.000000 2760.000000 0.000000
5.000000 0.000000 0.000000
0.000000 5.000000 0.000000
10.000000 0.000000 0.000000
0.000000 10.000000 0.000000
5.000000 0.000000 0.000000
0.000000 5.000000 0.000000
10.000000 0.000000 0.000000
0.000000 10.000000 0.000000
10.000000 0.000000 0.000000
0.000000 10.000000 0.000000
1.000000 0.000000 0.000000
0.000000 1.000000 0.000000
15_000001701F6F8DE8_t.dump_0.tga
15_0000017019E96C68_t.dump_0.tga
14_000001701F6F39E8_t.dump_0.tga
14_000001701F6F34A8_t.dump_0.tga
14_0000017019E96AA8_t.dump_0.tga
14_0000017024BC28A8_t.dump_0.tga
