000001F1559BD0D8_1839.dump
terrain
FALSE
TRUE
480.000000 720.000000 20.000000
NoAnim
3.000000 0.000000 0.000000
0.000000 3.000000 0.000000
3.000000 0.000000 0.000000
0.000000 3.000000 0.000000
6.000000 0.000000 0.000000
0.000000 6.000000 0.000000
3.000000 0.000000 0.000000
0.000000 3.000000 0.000000
3.000000 0.000000 0.000000
0.000000 3.000000 0.000000
1.000000 0.000000 0.000000
0.000000 1.000000 0.000000
277_000001F14BF541A0_t.dump
1839_000001F129997DE0_t.dump
277_000001F14BF52660_t.dump
277_000001F14BF53DE0_t.dump
1505_000001F14BF58FA0_t.dump
1839_000001F16778BA60_t.dump
