000001F1514D0198_1507.dump
terrain
FALSE
TRUE
720.000000 720.000000 0.000000
NoAnim
6.000000 0.000000 0.000000
0.000000 6.000000 0.000000
12.000000 0.000000 0.000000
0.000000 12.000000 0.000000
12.000000 0.000000 0.000000
0.000000 12.000000 0.000000
6.000000 0.000000 0.000000
0.000000 6.000000 0.000000
6.000000 0.000000 0.000000
0.000000 6.000000 0.000000
1.000000 0.000000 0.000000
0.000000 1.000000 0.000000
277_000001F14BF541A0_t.dump
277_000001F14BF53160_t.dump
277_000001F14BF52660_t.dump
277_000001F14BF53DE0_t.dump
277_000001F14BF551E0_t.dump
279_000001F14BF5B760_t.dump
