000001F1514CFC18_958.dump
terrain
FALSE
TRUE
1440.000000 720.000000 0.000000
NoAnim
1.000000
10.000000 0.000000 0.000000
0.000000 10.000000 0.000000
10.000000 0.000000 0.000000
0.000000 10.000000 0.000000
5.000000 0.000000 0.000000
0.000000 5.000000 0.000000
10.000000 0.000000 0.000000
0.000000 10.000000 0.000000
20.000000 0.000000 0.000000
0.000000 20.000000 0.000000
1.000000 0.000000 0.000000
0.000000 1.000000 0.000000
262_000001F1299A5CE0_t.dump
263_000001F1299931E0_t.dump
263_000001F12999B620_t.dump
262_000001F11B934AA0_t.dump
263_000001F11B934560_t.dump
958_000001F14BF5FA60_t.dump
