000001F143545618_627.dump
terrain
FALSE
TRUE
1200.000000 720.000000 0.000000
NoAnim
1.000000
10.000000 0.000000 0.000000
0.000000 10.000000 0.000000
5.000000 0.000000 0.000000
0.000000 5.000000 0.000000
5.000000 0.000000 0.000000
0.000000 5.000000 0.000000
10.000000 0.000000 0.000000
0.000000 10.000000 0.000000
10.000000 0.000000 0.000000
0.000000 10.000000 0.000000
1.000000 0.000000 0.000000
0.000000 1.000000 0.000000
262_000001F1299A5CE0_t.dump
262_000001F129999760_t.dump
262_000001F14BF57F20_t.dump
262_000001F11B934AA0_t.dump
262_000001F129997320_t.dump
262_000001F14BF5D620_t.dump
