000001FCC8A41958_203.obj
terrain
FALSE
TRUE
0.000000 0.000000 0.000000
10.000000 0.000000 0.000000
0.000000 10.000000 0.000000
10.000000 0.000000 0.000000
0.000000 10.000000 0.000000
10.000000 0.000000 0.000000
0.000000 10.000000 0.000000
10.000000 0.000000 0.000000
0.000000 10.000000 0.000000
10.000000 0.000000 0.000000
0.000000 10.000000 0.000000
1.000000 0.000000 0.000000
0.000000 1.000000 0.000000
203_000001FCC6A39260_t.tga
203_000001FCC6A39260_t.tga
203_000001FCC6A36FE0_t.tga
203_000001FC9EB7EA20_t.tga
203_000001FCC6A37360_t.tga
203_000001FCC6A3AD60_t.tga
